8.243199999999999861e+00
4.659900000000000375e+00
2.748600000000000154e+00
3.194799999999999862e+00
1.608700000000000019e+00
1.754199999999999982e+00
1.215100000000000069e+00
1.231400000000000050e+00
1.011200000000000099e+00
1.232499999999999929e+00
1.127999999999999892e+00
1.189100000000000046e+00
1.359199999999999964e+00
1.142800000000000038e+00
1.068100000000000049e+00
9.081700000000000328e-01
9.410699999999999621e-01
8.560200000000000031e-01
7.978699999999999681e-01
8.048100000000000254e-01
7.507700000000000484e-01
7.147000000000000020e-01
5.211900000000000421e-01
6.156300000000000106e-01
5.034199999999999786e-01
5.990900000000000114e-01
4.704400000000000248e-01
5.926099999999999701e-01
4.299899999999999833e-01
5.342400000000000482e-01
4.811799999999999966e-01
4.781199999999999894e-01
3.874500000000000166e-01
4.502700000000000036e-01
3.673899999999999944e-01
4.144499999999999851e-01
3.496500000000000163e-01
3.978300000000000169e-01
3.337700000000000111e-01
3.596900000000000097e-01
3.822599999999999998e+00
1.568799999999999972e+00
1.000999999999999890e+00
8.464099999999999957e-01
7.874100000000000543e-01
6.544699999999999962e-01
5.256600000000000161e-01
6.163399999999999990e-01
5.010299999999999754e-01
5.131999999999999895e-01
4.951400000000000245e-01
4.549799999999999955e-01
5.349199999999999511e-01
4.550100000000000255e-01
4.486499999999999932e-01
4.265100000000000002e-01
4.064400000000000235e-01
4.762700000000000267e-01
3.958099999999999952e-01
3.534599999999999964e-01
3.937200000000000144e-01
3.390299999999999980e-01
3.173799999999999955e-01
2.933899999999999841e-01
2.818999999999999839e-01
3.166200000000000125e-01
2.681600000000000095e-01
2.561700000000000088e-01
2.637300000000000200e-01
2.680899999999999950e-01
2.659500000000000197e-01
2.452499999999999958e-01
2.434900000000000120e-01
2.253300000000000025e-01
2.349499999999999922e-01
2.045700000000000018e-01
2.081800000000000039e-01
1.937699999999999978e-01
1.915199999999999958e-01
1.901500000000000135e-01
1.141900000000000048e+01
4.057299999999999685e+00
2.810900000000000176e+00
2.007899999999999796e+00
1.572599999999999998e+00
1.368300000000000072e+00
1.362800000000000011e+00
1.404099999999999904e+00
1.192499999999999893e+00
1.015099999999999891e+00
1.118900000000000006e+00
1.318500000000000005e+00
1.229500000000000037e+00
1.063199999999999923e+00
9.681300000000000461e-01
1.094799999999999995e+00
9.581300000000000372e-01
1.028000000000000025e+00
8.609599999999999476e-01
8.847699999999999454e-01
1.095699999999999896e+00
8.586700000000000443e-01
7.825800000000000534e-01
8.264399999999999524e-01
7.780099999999999794e-01
6.776499999999999746e-01
6.564999999999999725e-01
6.097900000000000542e-01
6.522900000000000365e-01
7.455000000000000515e-01
6.149599999999999511e-01
6.361499999999999932e-01
6.335399999999999920e-01
5.808799999999999519e-01
5.103999999999999648e-01
5.933899999999999730e-01
4.908299999999999885e-01
5.090299999999999825e-01
4.653200000000000114e-01
4.954299999999999815e-01
6.109200000000000408e+00
2.686700000000000088e+00
1.085999999999999943e+01
-6.555999999999999328e-02
7.901000000000000245e-01
2.405899999999999928e+00
1.922500000000000098e+00
1.193400000000000016e+00
1.362999999999999989e+00
1.273400000000000087e+00
1.077499999999999902e+00
8.025900000000000256e-01
8.630200000000000093e-01
8.517799999999999816e-01
7.991200000000000525e-01
5.724900000000000544e-01
4.667899999999999827e-01
5.461599999999999788e-01
4.962599999999999789e-01
3.921000000000000041e-01
3.866499999999999937e-01
3.898499999999999743e-01
3.344900000000000095e-01
3.142400000000000193e-01
2.912100000000000244e-01
2.852600000000000136e-01
2.654099999999999793e-01
2.581700000000000106e-01
2.214599999999999902e-01
1.076500000000000012e+00
1.750499999999999945e+00
1.534499999999999975e+00
9.421699999999999520e-01
6.798499999999999543e-01
6.484999999999999654e-01
6.090900000000000203e-01
7.038200000000000012e-01
4.814999999999999836e-01
4.287699999999999845e-01
4.378600000000000270e-01
4.005699999999999816e-01
3.638700000000000268e-01
3.265399999999999969e-01
2.988799999999999790e-01
3.603500000000000036e-01
2.757999999999999896e-01
2.386600000000000110e-01
2.298600000000000088e-01
2.230600000000000083e-01
1.995300000000000129e-01
1.962700000000000000e-01
1.782299999999999995e-01
1.627500000000000058e-01
1.584299999999999875e-01
1.439900000000000069e-01
4.131899999999999906e+00
6.262699999999999712e+00
3.830999999999999961e+00
3.105599999999999916e+00
2.192400000000000126e+00
2.658999999999999808e+00
1.715700000000000003e+00
1.778999999999999915e+00
1.350000000000000089e+00
1.401499999999999968e+00
1.455300000000000038e+00
1.175000000000000044e+00
1.067900000000000071e+00
1.210299999999999931e+00
1.019500000000000073e+00
8.914299999999999446e-01
9.017500000000000515e-01
7.040899999999999936e-01
7.421400000000000219e-01
7.064399999999999569e-01
6.326300000000000257e-01
6.303699999999999859e-01
6.021800000000000486e-01
5.339000000000000412e-01
5.764399999999999524e-01
4.580899999999999972e-01
1.000000000000000000e+00
