-1.739000000000000101e+00
-2.664699999999999847e+00
-1.973100000000000076e+00
-1.527099999999999902e+00
-1.913100000000000023e+00
-1.224800000000000111e+00
-1.417599999999999971e+00
-1.329900000000000082e+00
-1.294699999999999962e+00
-1.083199999999999941e+00
-1.411499999999999977e+00
-8.815699999999999648e-01
-1.253400000000000070e+00
-9.312200000000000477e-01
-1.212099999999999955e+00
-8.983100000000000529e-01
-9.457200000000000051e-01
-7.529299999999999882e-01
-8.527200000000000335e-01
-6.670399999999999663e-01
-7.664400000000000102e-01
-5.842100000000000071e-01
-7.020800000000000374e-01
-5.450399999999999689e-01
-6.552599999999999536e-01
-5.034300000000000441e-01
-5.494900000000000340e-01
-4.348400000000000043e-01
-5.370500000000000274e-01
-5.181000000000000050e-01
-4.900100000000000011e-01
-4.353000000000000203e-01
-4.452900000000000191e-01
-5.162499999999999867e-01
-4.571999999999999953e-01
-3.785800000000000276e-01
-4.019900000000000140e-01
-3.408800000000000163e-01
-3.814100000000000268e-01
-3.241800000000000237e-01
-3.418299999999999894e+00
-1.332899999999999974e+00
-1.235500000000000043e+00
-8.954900000000000082e-01
-8.468799999999999661e-01
-7.812299999999999800e-01
-6.233100000000000307e-01
-6.111699999999999910e-01
-5.412799999999999834e-01
-5.187399999999999789e-01
-5.335699999999999887e-01
-4.991800000000000126e-01
-6.123199999999999754e-01
-5.319500000000000339e-01
-5.383000000000000007e-01
-4.279499999999999971e-01
-4.170699999999999963e-01
-3.714700000000000224e-01
-3.417499999999999982e-01
-3.537199999999999789e-01
-3.571500000000000230e-01
-3.265899999999999914e-01
-3.051900000000000168e-01
-3.060399999999999787e-01
-2.804200000000000026e-01
-2.792999999999999927e-01
-2.476899999999999935e-01
-2.630899999999999905e-01
-2.691299999999999804e-01
-2.390299999999999925e-01
-2.466099999999999959e-01
-2.346799999999999997e-01
-2.544500000000000095e-01
-2.129699999999999926e-01
-2.290699999999999958e-01
-1.974200000000000121e-01
-2.073599999999999888e-01
-1.822900000000000076e-01
-1.888799999999999923e-01
-1.882199999999999984e-01
-9.476200000000000401e+00
-2.329000000000000181e+00
-2.625199999999999978e+00
-1.675899999999999945e+00
-1.780599999999999961e+00
-1.472599999999999909e+00
-1.343800000000000106e+00
-1.083499999999999908e+00
-1.299500000000000099e+00
-1.141000000000000014e+00
-1.400800000000000045e+00
-1.086699999999999999e+00
-1.301399999999999890e+00
-1.276899999999999924e+00
-1.236900000000000110e+00
-1.076500000000000012e+00
-1.275400000000000089e+00
-9.439600000000000213e-01
-9.163400000000000434e-01
-9.876099999999999879e-01
-9.050700000000000411e-01
-7.709399999999999586e-01
-8.409299999999999553e-01
-7.020699999999999719e-01
-7.430400000000000338e-01
-6.673499999999999988e-01
-5.950900000000000079e-01
-6.738600000000000145e-01
-5.933699999999999530e-01
-6.502900000000000347e-01
-6.215399999999999814e-01
-6.404100000000000348e-01
-6.167500000000000204e-01
-6.647199999999999775e-01
-7.462699999999999889e-01
-5.525400000000000311e-01
-6.129200000000000204e-01
-5.105100000000000193e-01
-5.796000000000000041e-01
-5.302000000000000046e-01
-9.327199999999999935e-01
-2.709099999999999842e+00
-5.538999999999999702e+00
-3.663600000000000190e+00
-3.528300000000000214e+00
-2.165799999999999947e+00
-1.506199999999999983e+00
-1.367399999999999949e+00
-1.096100000000000074e+00
-1.031300000000000106e+00
-1.046300000000000008e+00
-8.797199999999999465e-01
-9.791800000000000503e-01
-7.592100000000000515e-01
-6.282699999999999951e-01
-7.036000000000000032e-01
-7.267900000000000471e-01
-4.772799999999999820e-01
-4.255499999999999838e-01
-3.970400000000000040e-01
-4.374899999999999900e-01
-3.594899999999999762e-01
-3.135800000000000254e-01
-3.158099999999999796e-01
-3.580300000000000149e-01
-2.568799999999999972e-01
-2.474399999999999933e-01
-2.541499999999999870e-01
-2.180499999999999938e-01
-1.204599999999999893e+00
-1.588000000000000078e+00
-1.231600000000000028e+00
-9.838700000000000223e-01
-8.043299999999999894e-01
-7.734900000000000109e-01
-5.949799999999999534e-01
-5.157300000000000217e-01
-5.622099999999999875e-01
-4.931400000000000228e-01
-4.630099999999999771e-01
-3.874500000000000166e-01
-3.495300000000000074e-01
-3.804199999999999804e-01
-3.161300000000000221e-01
-2.934999999999999831e-01
-2.694400000000000128e-01
-2.301300000000000012e-01
-2.284499999999999864e-01
-2.256400000000000072e-01
-1.927899999999999892e-01
-1.919800000000000118e-01
-1.849699999999999955e-01
-1.598999999999999866e-01
-1.598900000000000043e-01
-1.503500000000000114e-01
-3.254399999999999959e+00
-5.201600000000000001e+00
-4.280100000000000016e+00
-2.522800000000000153e+00
-2.110500000000000043e+00
-2.163600000000000190e+00
-1.775400000000000089e+00
-1.630600000000000049e+00
-1.650500000000000078e+00
-1.502799999999999914e+00
-1.204800000000000093e+00
-1.160199999999999898e+00
-1.091599999999999904e+00
-1.048100000000000032e+00
-9.071599999999999664e-01
-1.014000000000000012e+00
-9.070300000000000029e-01
-7.291800000000000503e-01
-7.267500000000000071e-01
-7.206700000000000328e-01
-6.266800000000000148e-01
-6.094199999999999617e-01
-5.695200000000000262e-01
-5.899900000000000144e-01
-4.475600000000000134e-01
-4.445200000000000262e-01
0.000000000000000000e+00
